-1.006
0.386
-1.223
-0.591
-0.345
0.157
0.800
-0.151
-0.379
-1.023
1.306
-0.861
0.303
0.518
0.986
0.788
0.883
-0.098
-0.242
1.701
1.199
-1.230
-0.730
-1.492
0.643
-0.577
-0.224
0.997
-1.165
-0.494
-2.577
2.641
-1.143
-0.086
2.919
0.527
0.297
0.434
0.756
0.172
-2.086
-0.904
-1.413
-0.012
-1.248
1.671
-0.521
-0.025
1.164
0.354
0.866
-0.005
0.403
1.908
0.448
0.169
-0.731
-1.189
0.905
0.283
2.431
1.409
0.191
-0.165
0.889
0.804
-2.131
-0.754
1.458
1.650
0.026
0.885
0.011
-0.990
-0.104
0.174
-0.052
-0.182
1.813
0.346
0.110
1.757
-0.693
-0.732
1.073
-1.724
-1.810
0.947
-1.118
0.666
0.970
1.140
-1.105
0.894
1.547
-0.484
-0.086
-0.066
0.152
-0.264
0.866
-0.005
0.403
1.908
0.448
0.169
-0.731
-1.189
0.905
0.283
2.431
1.409
0.191
-0.165
0.889
0.804
-2.131
-0.754
1.458
1.650
0.026
0.885
0.011
-0.990
-0.104
0.174
-0.052
-0.182
1.813
0.346
0.110
1.757
-0.693
-0.732
1.073
-1.724
-1.810
0.947
-1.118
0.666
0.970
1.140
-1.105
0.894
1.547
-0.484
-0.086
-0.066
0.152
-0.264
-0.644
-0.149
0.365
1.601
1.307
0.041
-2.312
1.023
1.880
-1.422
-0.905
0.577
-0.548
0.732
-0.482
0.413
1.380
-0.489
-0.799
-0.755
-0.716
0.753
0.578
0.555
-1.752
0.597
1.390
-0.402
-0.560
0.157
0.007
-0.167
-1.955
-0.813
-0.926
1.924
-0.453
1.399
1.708
0.378
-2.814
-0.581
0.522
-0.539
0.922
0.714
-0.628
0.280
-0.644
0.178